image_number	pixel_diff	centroid_diff	gradient_diff	thickness_diff	total_diff
1	0.54663832	0.046470777	0.333667016	0.220369446	0.28678639
2	0	1	1	0.775237144	0.693809286
3	0.46567455	0.159449894	0.327801144	0.04882676	0.250438087
4	0.44698379	0.214910886	0.29728279	0.09345981	0.263159319
5	0.228009567	0.351693788	0.398817464	0.277184224	0.313926261
6	0.250952254	0.409406916	0.429125328	0.294458313	0.345985703
7	0.620072637	0.263342712	0.292226738	0.428357464	0.400999888
8	0.573832935	0.455335464	0.336540498	0.183524713	0.387308402
9	0.58588006	0.168447543	0.297041092	0.279380929	0.332687406
10	1	0.31496093	0.327089029	1	0.66051249
11	0.262379307	0.40719937	0.365138474	0.192910634	0.306906946
12	0.637966162	0.089909123	0.382048853	0.513429855	0.405838498
13	0.446540881	0.297753488	0.359314158	0.118122816	0.305432836
14	0.509433962	0.235896096	0.374864465	0.16904643	0.322310239
15	0.318363008	0.280002581	0.311476276	0.193310035	0.275787975
16	0.545841084	0.036775474	0.176988523	0.240239641	0.24996118
17	0.57852777	0.206992336	0.123967178	0.205991013	0.278869574
18	0.270705997	0.00457983	0.257944294	0.213879181	0.186777326
19	0.376118345	0.209827602	0.344797894	0.016774838	0.23687967
20	0.34298875	0.123085357	0.454433054	0.122216675	0.260680959
21	0.568960935	0.118709582	0.343870828	0.172441338	0.300995671
22	0.407919213	0.133887228	0.360517363	0.025461807	0.231946403
23	0.44113739	0.045783797	0.215520028	0.143185222	0.211406609
24	0.390025689	0.097611588	0.301140911	0.023864204	0.203160598
25	0.307024537	0.219685902	0.349320691	0.183524713	0.264888961
26	0.210204624	0.22557799	0.416536072	0.347578632	0.29997433
27	0.654265214	0.187494602	0.218378928	0.426959561	0.371774576
28	0.674993356	0.215066418	0.380712118	0.496455317	0.441806802
29	0.371600673	0.318912228	0.318651031	0.068197703	0.269340409
30	0.499955709	0.34304983	0.30683306	0.063504743	0.303335835
31	0.569935335	0.209490621	0.203903633	0.321917124	0.326311678
32	0.45141288	0.234817505	0.20727535	0.058112831	0.237904641
33	0.530516432	0.340737511	0.342426343	0.26669995	0.370095059
34	0.690583754	0.256835723	0.307925074	0.367648527	0.405748269
35	0.443883426	0.153254954	0.360716539	0.071592611	0.257361882
36	0.629816636	0.054402972	0.158669379	0.33789316	0.295195537
37	0.568252281	0.295639378	0.250804061	0.331602596	0.361574579
38	0.29045974	0.205490131	0.272552742	0.013879181	0.195595448
39	0.119585437	0.159642531	0.306163768	0.20908637	0.198619527
40	0.396137833	0.230486993	0.360488644	0.01777334	0.251221703
41	0.482948002	0.304587253	0.183137867	0.277583625	0.312064187
42	0.586943042	0.144862848	0.272231964	0.445132302	0.362292539
43	0.546372575	0.297080746	0.347404379	0.312930604	0.375947076
44	0.341748605	0.269853533	0.419944473	0.156565152	0.297027941
45	0.298166357	0.029291214	0.195767675	0.161757364	0.171245652
46	0.340774205	0.111245244	0.182994041	0.083774338	0.179696957
47	0.751970945	0.310414529	0.278377742	0.572840739	0.478400989
48	0.645318452	0.299318147	0.2796809	0.385322017	0.402409879
49	0.631145363	0.404253156	0.332106705	0.29345981	0.415241259
50	0.544778103	0.303520799	0.335288205	0.210084873	0.348417995
51	0.535122686	0.350600891	0.272796368	0.328207688	0.371681908
52	0.429621756	0.1969194	0.293369158	0.014977534	0.233721962
53	0.32482948	0.342785964	0.354923536	0.139690464	0.290557361
54	0.223314731	0.341262665	0.535535664	0.378132801	0.369561465
55	0.656214014	0.147761384	0.242042018	0.511632551	0.389412492
56	0.474089822	0.457344648	0.317693639	0.108437344	0.339391363
57	0.594118168	0.367032021	0.48851383	0.490164753	0.484957193
58	0.506776508	0.123414189	0.261369759	0.228157763	0.279929555
59	0.436796882	0.219053864	0.42320044	0.064802796	0.285963496
60	0.277261051	0.103609378	0.32110126	0.088067898	0.197509897
61	0.261759235	0.348513273	0.42932586	0.347378932	0.346744325
62	0.462574187	0.287164347	0.291108225	0.055516725	0.274090871
63	0.475772876	0.237214624	0.334813382	0.0222666	0.267516871
64	0.335813624	0.325071092	0.304900427	0.069795307	0.258895113
65	0.457436443	0.247657591	0.126917595	0.077284074	0.227323926
66	0.393480379	0.207582279	0.19515155	0.107039441	0.225813412
67	0.454690407	0.396896036	0.374151086	0.181028457	0.351691496
68	0.415802994	0.326068244	0.279021628	0.128407389	0.287325064
69	0.755957126	0.257206178	0.340292211	0.590314528	0.485942511
70	0.524138542	0.330159572	0.36925586	0.138691962	0.340561484
71	0.734874657	0.396529726	0.314349966	0.482476286	0.482057658
72	0.589334751	0.20707301	0.23504033	0.365152272	0.349150091
73	0.522544069	0.1774705	0.26165578	0.251922117	0.303398117
74	0.338116751	0.475358487	0.465211935	0.154068897	0.358189017
75	0.446895208	0.268696166	0.186419712	0.092561158	0.248643061
76	0.551598902	0.409453445	0.363065668	0.190414378	0.378633098
77	0.456107715	0.204848689	0.338400893	0.20878682	0.302036029
78	0.381078926	0.136866821	0.309424061	0.091862207	0.229808004
79	0.356187439	0.048078333	0.294198279	0.067199201	0.191415813
80	0.78164585	0.249423859	0.339751907	0.80898652	0.544952034
81	0.777128178	0.183540599	0.098208926	0.524912631	0.395947584
82	0.404907432	0.211931889	0.3229918	0.059211183	0.249760576
83	0.460536806	0.246050792	0.30079668	0.042236645	0.262405231
84	0.40774205	0.282249598	0.359039524	0.015476785	0.266126989
85	0.386836744	0.006331304	0.201644738	0.010284573	0.15127434
86	0.481619275	0.130417029	0.3207736	0.237343984	0.292538472
87	0.478784658	0.389768709	0.328298913	0.164053919	0.34022655
88	0.684648773	0.520436684	0.328835853	0.481377933	0.503824811
89	0.646381433	0.361954325	0.266349893	0.4222666	0.424238063
90	0.529807777	0.260527041	0.327053014	0.134897654	0.313071371
91	0.450349898	0.389007905	0.490225248	0	0.332395763
92	0.337142351	0.445049431	0.431946084	0.00878682	0.305731171
93	0.833023297	0.419108522	0.408138384	0.724912631	0.596295709
94	0.459562406	0.198439014	0.30396512	0.122216675	0.271045804
95	0.360793693	0.359494169	0.38108416	0.068796805	0.292542207
96	0.313313845	0.225608257	0.38991909	0.152870694	0.270427972
97	0.301443883	0.229454743	0.360057639	0.155067399	0.261505916
98	0.253343963	0.140681976	0.471772871	0.243035447	0.277208564
99	0.254406945	0.139080876	0.389220007	0.199700449	0.245602069
100	0.559305519	0	0.259806004	0.282975537	0.275521765
101	0.72176455	0.11844707	0.214221376	0.400798802	0.363807949
102	0.644432634	0.119205408	0.176223181	0.315027459	0.31372217
103	0.736114802	0.197550646	0.252870025	0.427558662	0.403523534
104	0.440340154	0.190655622	0.318602639	0.010484274	0.240020672
105	0.536717158	0.289983107	0	0.187618572	0.253579709
106	0.600230313	0.227068433	0.144850315	0.230853719	0.300750695
107	0.732482948	0.399514004	0.266817315	0.576834748	0.493912254
108	0.362299584	0.299726093	0.349908385	0.041737394	0.263417864
109	0.675613429	0.232585227	0.364119865	0.572840739	0.461289815
110	0.59712995	0.604968325	0.427522285	0.195207189	0.456206937
111	0.46567455	0.154596144	0.235732321	0.28447329	0.285119076
112	0.373017982	0.330500866	0.157331322	0.040838742	0.225422228
113	0.332979006	0.293183388	0.328962702	0.074787818	0.257478229
114	0.443440517	0.38383684	0.350867209	0.004193709	0.295584569
115	0.465497387	0.343090667	0.417836822	0.290664004	0.37927222
116	0.23403313	0.273402327	0.473540031	0.329705442	0.327670232
117	0.295774648	0.307831601	0.363113414	0.21777334	0.296123251
118	0.420940739	0.258404962	0.41217614	0.01757364	0.27727387
119	0.4406059	0.27579614	0.344698563	0.065102346	0.281550737
120	0.760031889	0.044483897	0.340167216	0.7554668	0.475037451
121	0.55053592	0.250539277	0.262611506	0.144882676	0.302142345
122	0.542917885	0.214816321	0.259611618	0.177034448	0.298595068
123	0.47205244	0.088329829	0.240292496	0.11992012	0.230148721
124	0.44751528	0.286019692	0.340493554	0.135197204	0.302306432
125	0.687306227	0.211893184	0.190471502	0.553469795	0.410785177
126	0.273894942	0.157050747	0.394835674	0.218871692	0.261163264
127	0.604127912	0.186352797	0.41419237	0.316525212	0.380299573
128	0.674639029	0.291685586	0.354108307	0.444133799	0.44114168
129	0.765701125	0.33499163	0.308133166	0.443734398	0.46314008
130	0.682965719	0.381148087	0.372443048	0.46669995	0.475814201
131	0.315174063	0.089367088	0.325068294	0.060109835	0.19742982
132	0.553724865	0.432381604	0.282313404	0.113130305	0.345387545
133	0.473824077	0.372361374	0.351044717	0.168447329	0.341419374
134	0.647267251	0.254220067	0.34572952	0.239141288	0.371589532
135	0.676942156	0.288889077	0.390936779	0.449126311	0.451473581
136	0.243245637	0.444053057	0.485340031	0.363654518	0.384073311
137	0.298697847	0.415886345	0.461053751	0.279380929	0.363754718
138	0.499335636	0.15525898	0.293054257	0.051422866	0.249767935
139	0.353087076	0.057512832	0.333470887	0.023165252	0.191809012
140	0.656834086	0.152034439	0.324703325	0.583824264	0.429349028
141	0.013198689	0.988460537	0.98021334	0.758362456	0.685058756
142	0.130126672	0.84603731	0.797302859	0.570644034	0.586027719
143	0.357073257	0.084018922	0.168157833	0.033649526	0.160724885
144	0.436974046	0.125544724	0.338156261	0.038042936	0.234679491
145	0.550270175	0.134757298	0.343603121	0.275187219	0.325954453
146	0.386128089	0.224099764	0.277902415	0.011882177	0.225003111
147	0.469837895	0.199914367	0.349773045	0.237443834	0.314242285
148	0.546815484	0.352311768	0.404521178	0.184623065	0.372067874
149	0.601647622	0.374885212	0.309373717	0.224463305	0.377592464
150	0.559216937	0.429651484	0.393430697	0.193210185	0.393877326
151	0.3748782	0.444001835	0.412959018	0.015376935	0.311803997
152	0.51572327	0.329866314	0.28789809	0.09326011	0.306686946
153	0.50296749	0.347746367	0.331654434	0.108237644	0.322651484
154	0.760829126	0.384647123	0.532195812	0.629955067	0.576906782
155	0.846842059	0.418989767	0.481988672	0.72910634	0.61923171
156	0.335547878	0.347703134	0.46200593	0.140389416	0.32141159
157	0.433962264	0.259482046	0.211851195	0.065202197	0.242624425
158	0.520683852	0.044378948	0.369423661	0.117823265	0.263077431
159	0.469926477	0.112023049	0.310056672	0.127708437	0.254928659
160	0.322969262	0.119960247	0.3481482	0.131602596	0.230670076
